"Min,Max,Modal Price from Maharashtra,Aurangabad[Maize],Kannad from 01-Jan-2010To23-Oct-2020 (Total-482) (Total-482)",,,,,,,,,
Sl no.,District Name,Market Name,Commodity,Variety,Grade,Min Price (Rs./Quintal),Max Price (Rs./Quintal),Modal Price (Rs./Quintal),Price Date
1,Aurangabad,Kannad,Maize,Yellow,FAQ,1250,1350,1300,23-Jun-20
2,Aurangabad,Kannad,Maize,Yellow,FAQ,1250,1350,1300,21-Jun-20
3,Aurangabad,Kannad,Maize,Yellow,FAQ,1250,1350,1300,20-Jun-20
4,Aurangabad,Kannad,Maize,Yellow,FAQ,1250,1350,1300,19-Jun-20
5,Aurangabad,Kannad,Maize,Yellow,FAQ,1250,1350,1300,18-Jun-20
6,Aurangabad,Kannad,Maize,Yellow,FAQ,1250,1350,1300,17-Jun-20
7,Aurangabad,Kannad,Maize,Yellow,FAQ,1250,1350,1300,16-Jun-20
8,Aurangabad,Kannad,Maize,Yellow,FAQ,1250,1350,1300,15-Jun-20
9,Aurangabad,Kannad,Maize,Yellow,FAQ,1250,1350,1300,14-Jun-20
10,Aurangabad,Kannad,Maize,Yellow,FAQ,1250,1350,1300,13-Jun-20
11,Aurangabad,Kannad,Maize,Yellow,FAQ,1250,1350,1300,12-Jun-20
12,Aurangabad,Kannad,Maize,Yellow,FAQ,1250,1350,1300,11-Jun-20
13,Aurangabad,Kannad,Maize,Yellow,FAQ,1250,1350,1300,10-Jun-20
14,Aurangabad,Kannad,Maize,Yellow,FAQ,1250,1350,1300,9-Jun-20
15,Aurangabad,Kannad,Maize,Yellow,FAQ,1150,1250,1200,7-Jun-20
16,Aurangabad,Kannad,Maize,Yellow,FAQ,1150,1250,1200,6-Jun-20
17,Aurangabad,Kannad,Maize,Yellow,FAQ,1150,1250,1200,5-Jun-20
18,Aurangabad,Kannad,Maize,Yellow,FAQ,1150,1250,1200,4-Jun-20
19,Aurangabad,Kannad,Maize,Yellow,FAQ,1150,1250,1200,3-Jun-20
20,Aurangabad,Kannad,Maize,Yellow,FAQ,1150,1250,1200,2-Jun-20
21,Aurangabad,Kannad,Maize,Yellow,FAQ,1150,1250,1200,28-May-20
22,Aurangabad,Kannad,Maize,Yellow,FAQ,1150,1250,1200,27-May-20
23,Aurangabad,Kannad,Maize,Yellow,FAQ,1150,1250,1200,26-May-20
24,Aurangabad,Kannad,Maize,Yellow,FAQ,1150,1250,1200,24-May-20
25,Aurangabad,Kannad,Maize,Yellow,FAQ,1150,1250,1200,23-May-20
26,Aurangabad,Kannad,Maize,Yellow,FAQ,1150,1250,1200,22-May-20
27,Aurangabad,Kannad,Maize,Yellow,FAQ,1150,1250,1200,21-May-20
28,Aurangabad,Kannad,Maize,Yellow,FAQ,1250,1350,1300,20-May-20
29,Aurangabad,Kannad,Maize,Yellow,FAQ,1250,1350,1300,19-May-20
30,Aurangabad,Kannad,Maize,Yellow,FAQ,1150,1250,1200,14-May-20
31,Aurangabad,Kannad,Maize,Yellow,FAQ,1150,1250,1200,13-May-20
32,Aurangabad,Kannad,Maize,Yellow,FAQ,1150,1250,1200,12-May-20
33,Aurangabad,Kannad,Maize,Yellow,FAQ,1150,1250,1200,6-May-20
34,Aurangabad,Kannad,Maize,Yellow,FAQ,1150,1250,1200,5-May-20
35,Aurangabad,Kannad,Maize,Yellow,FAQ,1250,1350,1300,3-May-20
36,Aurangabad,Kannad,Maize,Yellow,FAQ,1250,1350,1300,2-May-20
37,Aurangabad,Kannad,Maize,Yellow,FAQ,1450,1550,1500,19-Apr-20
38,Aurangabad,Kannad,Maize,Yellow,FAQ,1450,1550,1500,12-Mar-20
39,Aurangabad,Kannad,Maize,Yellow,FAQ,1450,1550,1500,11-Mar-20
40,Aurangabad,Kannad,Maize,Yellow,FAQ,1450,1550,1500,5-Feb-20
41,Aurangabad,Kannad,Maize,Yellow,FAQ,1850,1950,1900,5-Jan-20
42,Aurangabad,Kannad,Maize,Yellow,FAQ,1850,1950,1900,4-Jan-20
43,Aurangabad,Kannad,Maize,Yellow,FAQ,1750,1850,1800,3-Jan-20
44,Aurangabad,Kannad,Maize,Yellow,FAQ,1750,1950,1900,1-Jan-20
45,Aurangabad,Kannad,Maize,Yellow,FAQ,1750,1850,1800,10-Dec-19
46,Aurangabad,Kannad,Maize,Yellow,FAQ,1150,1250,1200,14-Nov-19
47,Aurangabad,Kannad,Maize,Yellow,FAQ,1150,1250,1200,13-Nov-19
48,Aurangabad,Kannad,Maize,Yellow,FAQ,1100,1200,1150,12-Nov-19
49,Aurangabad,Kannad,Maize,Yellow,FAQ,1100,1200,1150,11-Nov-19
50,Aurangabad,Kannad,Maize,Yellow,FAQ,1950,2050,2000,12-Feb-19
51,Aurangabad,Kannad,Maize,Yellow,FAQ,1750,1850,1800,10-Feb-19
52,Aurangabad,Kannad,Maize,Yellow,FAQ,1800,1800,1800,9-Feb-19
53,Aurangabad,Kannad,Maize,Yellow,FAQ,1800,1800,1800,8-Feb-19
54,Aurangabad,Kannad,Maize,Yellow,FAQ,1800,1800,1800,7-Feb-19
55,Aurangabad,Kannad,Maize,Yellow,FAQ,1800,1800,1800,6-Feb-19
56,Aurangabad,Kannad,Maize,Yellow,FAQ,1750,1850,1800,5-Feb-19
57,Aurangabad,Kannad,Maize,Yellow,FAQ,1750,1850,1800,3-Feb-19
58,Aurangabad,Kannad,Maize,Yellow,FAQ,1750,1850,1800,2-Feb-19
59,Aurangabad,Kannad,Maize,Yellow,FAQ,1750,1850,1800,1-Feb-19
60,Aurangabad,Kannad,Maize,Yellow,FAQ,1750,1850,1800,31-Jan-19
61,Aurangabad,Kannad,Maize,Yellow,FAQ,1650,1750,1700,29-Jan-19
62,Aurangabad,Kannad,Maize,Yellow,FAQ,1650,1750,1700,27-Jan-19
63,Aurangabad,Kannad,Maize,Yellow,FAQ,1550,1650,1600,26-Jan-19
64,Aurangabad,Kannad,Maize,Yellow,FAQ,1550,1650,1600,25-Jan-19
65,Aurangabad,Kannad,Maize,Yellow,FAQ,1750,1850,1800,22-Jan-19
66,Aurangabad,Kannad,Maize,Yellow,FAQ,1750,1850,1800,20-Jan-19
67,Aurangabad,Kannad,Maize,Yellow,FAQ,1750,1850,1800,19-Jan-19
68,Aurangabad,Kannad,Maize,Yellow,FAQ,1550,1650,1600,17-Jan-19
69,Aurangabad,Kannad,Maize,Yellow,FAQ,1550,1650,1600,16-Jan-19
70,Aurangabad,Kannad,Maize,Yellow,FAQ,1550,1650,1600,15-Jan-19
71,Aurangabad,Kannad,Maize,Yellow,FAQ,1650,1750,1700,13-Jan-19
72,Aurangabad,Kannad,Maize,Yellow,FAQ,1650,1750,1700,12-Jan-19
73,Aurangabad,Kannad,Maize,Yellow,FAQ,1550,1650,1600,11-Jan-19
74,Aurangabad,Kannad,Maize,Yellow,FAQ,1550,1650,1600,10-Jan-19
75,Aurangabad,Kannad,Maize,Yellow,FAQ,1550,1650,1600,9-Jan-19
76,Aurangabad,Kannad,Maize,Yellow,FAQ,1550,1650,1600,8-Jan-19
77,Aurangabad,Kannad,Maize,Yellow,FAQ,1650,1750,1700,6-Jan-19
78,Aurangabad,Kannad,Maize,Yellow,FAQ,1550,1650,1600,5-Jan-19
79,Aurangabad,Kannad,Maize,Yellow,FAQ,1550,1650,1600,4-Jan-19
80,Aurangabad,Kannad,Maize,Yellow,FAQ,1500,1600,1550,3-Jan-19
81,Aurangabad,Kannad,Maize,Yellow,FAQ,1450,1550,1500,2-Jan-19
82,Aurangabad,Kannad,Maize,Yellow,FAQ,1550,1650,1600,30-Dec-18
83,Aurangabad,Kannad,Maize,Yellow,FAQ,1550,1650,1600,29-Dec-18
84,Aurangabad,Kannad,Maize,Yellow,FAQ,1550,1650,1600,28-Dec-18
85,Aurangabad,Kannad,Maize,Yellow,FAQ,1550,1650,1600,27-Dec-18
86,Aurangabad,Kannad,Maize,Yellow,FAQ,1550,1650,1600,26-Dec-18
87,Aurangabad,Kannad,Maize,Yellow,FAQ,1550,1650,1600,23-Dec-18
88,Aurangabad,Kannad,Maize,Yellow,FAQ,1550,1650,1600,22-Dec-18
89,Aurangabad,Kannad,Maize,Yellow,FAQ,1550,1650,1600,19-Dec-18
90,Aurangabad,Kannad,Maize,Yellow,FAQ,1550,1650,1600,18-Dec-18
91,Aurangabad,Kannad,Maize,Yellow,FAQ,1550,1650,1600,16-Dec-18
92,Aurangabad,Kannad,Maize,Yellow,FAQ,1550,1650,1600,15-Dec-18
93,Aurangabad,Kannad,Maize,Yellow,FAQ,1450,1550,1500,14-Dec-18
94,Aurangabad,Kannad,Maize,Yellow,FAQ,1350,1450,1400,12-Dec-18
95,Aurangabad,Kannad,Maize,Yellow,FAQ,1450,1550,1500,11-Dec-18
96,Aurangabad,Kannad,Maize,Yellow,FAQ,1450,1550,1500,9-Dec-18
97,Aurangabad,Kannad,Maize,Yellow,FAQ,1450,1550,1500,8-Dec-18
98,Aurangabad,Kannad,Maize,Yellow,FAQ,1450,1550,1500,7-Dec-18
99,Aurangabad,Kannad,Maize,Yellow,FAQ,1450,1550,1500,6-Dec-18
100,Aurangabad,Kannad,Maize,Yellow,FAQ,1450,1550,1500,4-Dec-18
101,Aurangabad,Kannad,Maize,Yellow,FAQ,1450,1550,1500,2-Dec-18
102,Aurangabad,Kannad,Maize,Yellow,FAQ,1450,1550,1500,30-Nov-18
103,Aurangabad,Kannad,Maize,Yellow,FAQ,1450,1550,1500,29-Nov-18
104,Aurangabad,Kannad,Maize,Yellow,FAQ,1450,1550,1500,28-Nov-18
105,Aurangabad,Kannad,Maize,Yellow,FAQ,1450,1550,1500,27-Nov-18
106,Aurangabad,Kannad,Maize,Yellow,FAQ,1350,1450,1400,25-Nov-18
107,Aurangabad,Kannad,Maize,Yellow,FAQ,1350,1450,1400,24-Nov-18
108,Aurangabad,Kannad,Maize,Yellow,FAQ,1350,1450,1400,22-Nov-18
109,Aurangabad,Kannad,Maize,Yellow,FAQ,1250,1350,1300,18-Nov-18
110,Aurangabad,Kannad,Maize,Yellow,FAQ,1250,1350,1300,17-Nov-18
111,Aurangabad,Kannad,Maize,Yellow,FAQ,1250,1350,1300,16-Nov-18
112,Aurangabad,Kannad,Maize,Yellow,FAQ,1250,1350,1300,15-Nov-18
113,Aurangabad,Kannad,Maize,Yellow,FAQ,1250,1350,1300,14-Nov-18
114,Aurangabad,Kannad,Maize,Yellow,FAQ,1250,1350,1300,13-Nov-18
115,Aurangabad,Kannad,Maize,Yellow,FAQ,1250,1350,1300,10-Nov-18
116,Aurangabad,Kannad,Maize,Yellow,FAQ,1250,1350,1300,6-Nov-18
117,Aurangabad,Kannad,Maize,Yellow,FAQ,1250,1350,1300,4-Nov-18
118,Aurangabad,Kannad,Maize,Yellow,FAQ,1250,1350,1300,3-Nov-18
119,Aurangabad,Kannad,Maize,Yellow,FAQ,1250,1350,1300,2-Nov-18
120,Aurangabad,Kannad,Maize,Yellow,FAQ,1250,1350,1300,1-Nov-18
121,Aurangabad,Kannad,Maize,Yellow,FAQ,1250,1350,1300,31-Oct-18
122,Aurangabad,Kannad,Maize,Yellow,FAQ,1250,1350,1300,30-Oct-18
123,Aurangabad,Kannad,Maize,Yellow,FAQ,1250,1350,1300,28-Oct-18
124,Aurangabad,Kannad,Maize,Yellow,FAQ,1250,1350,1300,25-Oct-18
125,Aurangabad,Kannad,Maize,Yellow,FAQ,1250,1350,1300,24-Oct-18
126,Aurangabad,Kannad,Maize,Yellow,FAQ,1250,1250,1250,23-Oct-18
127,Aurangabad,Kannad,Maize,Yellow,FAQ,1250,1250,1250,21-Oct-18
128,Aurangabad,Kannad,Maize,Yellow,FAQ,1050,1150,1100,15-Feb-18
129,Aurangabad,Kannad,Maize,Yellow,FAQ,1050,1150,1100,14-Feb-18
130,Aurangabad,Kannad,Maize,Yellow,FAQ,1050,1150,1100,4-Feb-18
131,Aurangabad,Kannad,Maize,Yellow,FAQ,1050,1150,1100,3-Feb-18
132,Aurangabad,Kannad,Maize,Yellow,FAQ,1050,1150,1100,27-Jan-18
133,Aurangabad,Kannad,Maize,Yellow,FAQ,1050,1150,1100,23-Jan-18
134,Aurangabad,Kannad,Maize,Yellow,FAQ,1050,1150,1100,21-Jan-18
135,Aurangabad,Kannad,Maize,Yellow,FAQ,1050,1150,1100,20-Jan-18
136,Aurangabad,Kannad,Maize,Yellow,FAQ,1050,1150,1100,19-Jan-18
137,Aurangabad,Kannad,Maize,Yellow,FAQ,1050,1150,1100,17-Jan-18
138,Aurangabad,Kannad,Maize,Yellow,FAQ,1050,1150,1100,16-Jan-18
139,Aurangabad,Kannad,Maize,Yellow,FAQ,1050,1150,1100,21-Dec-17
140,Aurangabad,Kannad,Maize,Yellow,FAQ,1050,1150,1100,19-Dec-17
141,Aurangabad,Kannad,Maize,Yellow,FAQ,1050,1150,1100,16-Dec-17
142,Aurangabad,Kannad,Maize,Yellow,FAQ,1050,1150,1100,13-Dec-17
143,Aurangabad,Kannad,Maize,Yellow,FAQ,1050,1150,1100,9-Dec-17
144,Aurangabad,Kannad,Maize,Yellow,FAQ,1000,1100,1050,8-Dec-17
145,Aurangabad,Kannad,Maize,Yellow,FAQ,1000,1100,1050,7-Dec-17
146,Aurangabad,Kannad,Maize,Yellow,FAQ,1050,1200,1120,3-Dec-17
147,Aurangabad,Kannad,Maize,Yellow,FAQ,1050,1175,1150,2-Dec-17
148,Aurangabad,Kannad,Maize,Yellow,FAQ,1050,1150,1100,29-Nov-17
149,Aurangabad,Kannad,Maize,Yellow,FAQ,1050,1150,1100,28-Nov-17
150,Aurangabad,Kannad,Maize,Yellow,FAQ,1050,1150,1100,26-Nov-17
151,Aurangabad,Kannad,Maize,Yellow,FAQ,1050,1150,1100,25-Nov-17
152,Aurangabad,Kannad,Maize,Yellow,FAQ,1050,1150,1100,24-Nov-17
153,Aurangabad,Kannad,Maize,Yellow,FAQ,1000,1100,1050,23-Nov-17
154,Aurangabad,Kannad,Maize,Yellow,FAQ,1050,1150,1100,19-Nov-17
155,Aurangabad,Kannad,Maize,Yellow,FAQ,1000,1100,1050,18-Nov-17
156,Aurangabad,Kannad,Maize,Yellow,FAQ,1000,1100,1050,16-Nov-17
157,Aurangabad,Kannad,Maize,Yellow,FAQ,1000,1100,1050,12-Nov-17
158,Aurangabad,Kannad,Maize,Yellow,FAQ,1000,1100,1050,10-Nov-17
159,Aurangabad,Kannad,Maize,Yellow,FAQ,1000,1100,1050,9-Nov-17
160,Aurangabad,Kannad,Maize,Yellow,FAQ,1000,1100,1050,8-Nov-17
161,Aurangabad,Kannad,Maize,Yellow,FAQ,1050,1150,1100,2-Nov-17
162,Aurangabad,Kannad,Maize,Yellow,FAQ,1050,1150,1100,1-Nov-17
163,Aurangabad,Kannad,Maize,Yellow,FAQ,1050,1150,1100,31-Oct-17
164,Aurangabad,Kannad,Maize,Yellow,FAQ,1000,1100,1050,30-Oct-17
165,Aurangabad,Kannad,Maize,Yellow,FAQ,1000,1100,1050,29-Oct-17
166,Aurangabad,Kannad,Maize,Yellow,FAQ,1050,1150,1100,28-Oct-17
167,Aurangabad,Kannad,Maize,Yellow,FAQ,1050,1150,1100,27-Oct-17
168,Aurangabad,Kannad,Maize,Yellow,FAQ,850,950,900,26-Oct-17
169,Aurangabad,Kannad,Maize,Yellow,FAQ,850,950,900,25-Oct-17
170,Aurangabad,Kannad,Maize,Yellow,FAQ,850,950,900,24-Oct-17
171,Aurangabad,Kannad,Maize,Yellow,FAQ,850,950,900,23-Oct-17
172,Aurangabad,Kannad,Maize,Yellow,FAQ,900,900,900,22-Oct-17
173,Aurangabad,Kannad,Maize,Yellow,FAQ,900,900,900,21-Oct-17
174,Aurangabad,Kannad,Maize,Yellow,FAQ,1250,1350,1300,4-Jun-17
175,Aurangabad,Kannad,Maize,Yellow,FAQ,1150,1300,1200,3-Jun-17
176,Aurangabad,Kannad,Maize,Yellow,FAQ,1250,1350,1300,30-May-17
177,Aurangabad,Kannad,Maize,Yellow,FAQ,1250,1350,1250,28-May-17
178,Aurangabad,Kannad,Maize,Yellow,FAQ,1250,1350,1300,27-May-17
179,Aurangabad,Kannad,Maize,Yellow,FAQ,1250,1350,1300,25-May-17
180,Aurangabad,Kannad,Maize,Yellow,FAQ,1250,1350,1300,24-May-17
181,Aurangabad,Kannad,Maize,Yellow,FAQ,1250,1350,1300,23-May-17
182,Aurangabad,Kannad,Maize,Yellow,FAQ,1250,1350,1300,22-May-17
183,Aurangabad,Kannad,Maize,Yellow,FAQ,1250,1350,1300,20-May-17
184,Aurangabad,Kannad,Maize,Yellow,FAQ,1250,1350,1300,18-May-17
185,Aurangabad,Kannad,Maize,Yellow,FAQ,1250,1350,1300,17-May-17
186,Aurangabad,Kannad,Maize,Yellow,FAQ,1200,1380,1300,16-May-17
187,Aurangabad,Kannad,Maize,Yellow,FAQ,1250,1350,1300,14-May-17
188,Aurangabad,Kannad,Maize,Yellow,FAQ,1250,1350,1300,13-May-17
189,Aurangabad,Kannad,Maize,Yellow,FAQ,1250,1350,1300,11-May-17
190,Aurangabad,Kannad,Maize,Yellow,FAQ,1250,1350,1300,10-May-17
191,Aurangabad,Kannad,Maize,Yellow,FAQ,1250,1350,1300,9-May-17
192,Aurangabad,Kannad,Maize,Yellow,FAQ,1000,1300,1150,7-May-17
193,Aurangabad,Kannad,Maize,Yellow,FAQ,1250,1350,1300,6-May-17
194,Aurangabad,Kannad,Maize,Yellow,FAQ,1250,1350,1300,5-May-17
195,Aurangabad,Kannad,Maize,Yellow,FAQ,1250,1350,1300,2-May-17
196,Aurangabad,Kannad,Maize,Yellow,FAQ,1250,1410,1375,30-Apr-17
197,Aurangabad,Kannad,Maize,Yellow,FAQ,1250,1410,1380,29-Apr-17
198,Aurangabad,Kannad,Maize,Yellow,FAQ,1250,1350,1300,28-Apr-17
199,Aurangabad,Kannad,Maize,Yellow,FAQ,1250,1350,1300,26-Apr-17
200,Aurangabad,Kannad,Maize,Yellow,FAQ,1250,1350,1300,25-Apr-17
201,Aurangabad,Kannad,Maize,Yellow,FAQ,1250,1350,1300,23-Apr-17
202,Aurangabad,Kannad,Maize,Yellow,FAQ,1250,1350,1300,22-Apr-17
203,Aurangabad,Kannad,Maize,Yellow,FAQ,1250,1350,1300,20-Apr-17
204,Aurangabad,Kannad,Maize,Yellow,FAQ,1250,1350,1300,18-Apr-17
205,Aurangabad,Kannad,Maize,Yellow,FAQ,1250,1350,1300,16-Apr-17
206,Aurangabad,Kannad,Maize,Yellow,FAQ,1250,1350,1300,15-Apr-17
207,Aurangabad,Kannad,Maize,Yellow,FAQ,1250,1350,1300,12-Apr-17
208,Aurangabad,Kannad,Maize,Yellow,FAQ,1250,1350,1300,11-Apr-17
209,Aurangabad,Kannad,Maize,Yellow,FAQ,1250,1350,1300,9-Apr-17
210,Aurangabad,Kannad,Maize,Yellow,FAQ,1250,1350,1300,8-Apr-17
211,Aurangabad,Kannad,Maize,Yellow,FAQ,1250,1350,1300,7-Apr-17
212,Aurangabad,Kannad,Maize,Yellow,FAQ,1250,1350,1300,6-Apr-17
213,Aurangabad,Kannad,Maize,Yellow,FAQ,1250,1350,1300,5-Apr-17
214,Aurangabad,Kannad,Maize,Yellow,FAQ,1250,1350,1300,31-Mar-17
215,Aurangabad,Kannad,Maize,Yellow,FAQ,1250,1350,1300,30-Mar-17
216,Aurangabad,Kannad,Maize,Yellow,FAQ,1250,1350,1300,29-Mar-17
217,Aurangabad,Kannad,Maize,Yellow,FAQ,1250,1350,1300,28-Mar-17
218,Aurangabad,Kannad,Maize,Yellow,FAQ,1250,1350,1350,26-Mar-17
219,Aurangabad,Kannad,Maize,Yellow,FAQ,1250,1350,1300,25-Mar-17
220,Aurangabad,Kannad,Maize,Yellow,FAQ,1250,1350,1300,24-Mar-17
221,Aurangabad,Kannad,Maize,Yellow,FAQ,1250,1350,1300,23-Mar-17
222,Aurangabad,Kannad,Maize,Yellow,FAQ,1250,1350,1300,22-Mar-17
223,Aurangabad,Kannad,Maize,Yellow,FAQ,1250,1350,1300,21-Mar-17
224,Aurangabad,Kannad,Maize,Yellow,FAQ,1250,1350,1300,18-Mar-17
225,Aurangabad,Kannad,Maize,Yellow,FAQ,1200,1350,1275,17-Mar-17
226,Aurangabad,Kannad,Maize,Yellow,FAQ,1200,1350,1275,16-Mar-17
227,Aurangabad,Kannad,Maize,Yellow,FAQ,1201,1360,1325,15-Mar-17
228,Aurangabad,Kannad,Maize,Yellow,FAQ,1250,1350,1300,14-Mar-17
229,Aurangabad,Kannad,Maize,Yellow,FAQ,1300,1350,1325,10-Mar-17
230,Aurangabad,Kannad,Maize,Yellow,FAQ,1201,1350,1275,9-Mar-17
231,Aurangabad,Kannad,Maize,Yellow,FAQ,1250,1350,1300,7-Mar-17
232,Aurangabad,Kannad,Maize,Yellow,FAQ,1250,1350,1300,5-Mar-17
233,Aurangabad,Kannad,Maize,Yellow,FAQ,1250,1350,1300,4-Mar-17
234,Aurangabad,Kannad,Maize,Yellow,FAQ,1250,1350,1300,3-Mar-17
235,Aurangabad,Kannad,Maize,Yellow,FAQ,1250,1360,1330,1-Mar-17
236,Aurangabad,Kannad,Maize,Yellow,FAQ,1250,1300,1275,28-Feb-17
237,Aurangabad,Kannad,Maize,Yellow,FAQ,1250,1300,1275,25-Feb-17
238,Aurangabad,Kannad,Maize,Yellow,FAQ,1250,1300,1300,24-Feb-17
239,Aurangabad,Kannad,Maize,Yellow,FAQ,1275,1375,1300,21-Feb-17
240,Aurangabad,Kannad,Maize,Yellow,FAQ,1250,1360,1340,18-Feb-17
241,Aurangabad,Kannad,Maize,Yellow,FAQ,1250,1360,1340,17-Feb-17
242,Aurangabad,Kannad,Maize,Yellow,FAQ,1250,1360,1350,15-Feb-17
243,Aurangabad,Kannad,Maize,Yellow,FAQ,1250,1360,1335,14-Feb-17
244,Aurangabad,Kannad,Maize,Yellow,FAQ,1250,1350,1300,12-Feb-17
245,Aurangabad,Kannad,Maize,Yellow,FAQ,1250,1380,1325,11-Feb-17
246,Aurangabad,Kannad,Maize,Yellow,FAQ,1250,1370,1330,10-Feb-17
247,Aurangabad,Kannad,Maize,Yellow,FAQ,1250,1360,1320,9-Feb-17
248,Aurangabad,Kannad,Maize,Yellow,FAQ,1250,1360,1340,8-Feb-17
249,Aurangabad,Kannad,Maize,Yellow,FAQ,1250,1380,1360,7-Feb-17
250,Aurangabad,Kannad,Maize,Yellow,FAQ,1250,1360,1330,5-Feb-17
251,Aurangabad,Kannad,Maize,Yellow,FAQ,1250,1365,1345,4-Feb-17
252,Aurangabad,Kannad,Maize,Yellow,FAQ,1250,1360,1320,3-Feb-17
253,Aurangabad,Kannad,Maize,Yellow,FAQ,1250,1380,1340,2-Feb-17
254,Aurangabad,Kannad,Maize,Yellow,FAQ,1250,1365,1340,1-Feb-17
255,Aurangabad,Kannad,Maize,Yellow,FAQ,1050,1360,1330,31-Jan-17
256,Aurangabad,Kannad,Maize,Yellow,FAQ,1250,1350,1330,29-Jan-17
257,Aurangabad,Kannad,Maize,Yellow,FAQ,1150,1350,1250,28-Jan-17
258,Aurangabad,Kannad,Maize,Yellow,FAQ,1200,1350,1275,27-Jan-17
259,Aurangabad,Kannad,Maize,Yellow,FAQ,1250,1350,1320,25-Jan-17
260,Aurangabad,Kannad,Maize,Yellow,FAQ,1250,1360,1320,24-Jan-17
261,Aurangabad,Kannad,Maize,Yellow,FAQ,1050,1280,1165,18-Jan-17
262,Aurangabad,Kannad,Maize,Yellow,FAQ,1200,1300,1250,17-Jan-17
263,Aurangabad,Kannad,Maize,Yellow,FAQ,1200,1350,1275,15-Jan-17
264,Aurangabad,Kannad,Maize,Yellow,FAQ,1200,1350,1275,14-Jan-17
265,Aurangabad,Kannad,Maize,Yellow,FAQ,1200,1350,1275,13-Jan-17
266,Aurangabad,Kannad,Maize,Yellow,FAQ,1150,1350,1250,11-Jan-17
267,Aurangabad,Kannad,Maize,Yellow,FAQ,1050,1320,1185,10-Jan-17
268,Aurangabad,Kannad,Maize,Yellow,FAQ,1150,1350,1250,8-Jan-17
269,Aurangabad,Kannad,Maize,Yellow,FAQ,1050,1300,1175,7-Jan-17
270,Aurangabad,Kannad,Maize,Yellow,FAQ,1100,1300,1200,6-Jan-17
271,Aurangabad,Kannad,Maize,Yellow,FAQ,1200,1350,1275,4-Jan-17
272,Aurangabad,Kannad,Maize,Yellow,FAQ,1100,1300,1200,3-Jan-17
273,Aurangabad,Kannad,Maize,Yellow,FAQ,1100,1300,1200,1-Jan-17
274,Aurangabad,Kannad,Maize,Yellow,FAQ,1100,1300,1200,29-Dec-16
275,Aurangabad,Kannad,Maize,Yellow,FAQ,1050,1250,1125,28-Dec-16
276,Aurangabad,Kannad,Maize,Yellow,FAQ,1050,1225,1150,27-Dec-16
277,Aurangabad,Kannad,Maize,Yellow,FAQ,1100,1300,1200,25-Dec-16
278,Aurangabad,Kannad,Maize,Yellow,FAQ,1050,1250,1125,24-Dec-16
279,Aurangabad,Kannad,Maize,Yellow,FAQ,1050,1200,1175,23-Dec-16
280,Aurangabad,Kannad,Maize,Yellow,FAQ,1050,1200,1175,22-Dec-16
281,Aurangabad,Kannad,Maize,Yellow,FAQ,1050,1200,1125,20-Dec-16
282,Aurangabad,Kannad,Maize,Yellow,FAQ,1100,1250,1175,17-Dec-16
283,Aurangabad,Kannad,Maize,Yellow,FAQ,1100,1250,1175,16-Dec-16
284,Aurangabad,Kannad,Maize,Yellow,FAQ,1100,1250,1175,15-Dec-16
285,Aurangabad,Kannad,Maize,Yellow,FAQ,1100,1250,1175,14-Dec-16
286,Aurangabad,Kannad,Maize,Yellow,FAQ,1100,1250,1175,12-Dec-16
287,Aurangabad,Kannad,Maize,Yellow,FAQ,1100,1250,1175,11-Dec-16
288,Aurangabad,Kannad,Maize,Yellow,FAQ,1050,1200,1125,10-Dec-16
289,Aurangabad,Kannad,Maize,Yellow,FAQ,1050,1200,1125,9-Dec-16
290,Aurangabad,Kannad,Maize,Yellow,FAQ,1000,1250,1100,7-Dec-16
291,Aurangabad,Kannad,Maize,Yellow,FAQ,1050,1200,1125,6-Dec-16
292,Aurangabad,Kannad,Maize,Yellow,FAQ,1050,1200,1125,4-Dec-16
293,Aurangabad,Kannad,Maize,Yellow,FAQ,1050,1200,1125,3-Dec-16
294,Aurangabad,Kannad,Maize,Yellow,FAQ,1100,1200,1150,2-Dec-16
295,Aurangabad,Kannad,Maize,Yellow,FAQ,1050,1150,1100,1-Dec-16
296,Aurangabad,Kannad,Maize,Yellow,FAQ,1050,1200,1125,29-Nov-16
297,Aurangabad,Kannad,Maize,Yellow,FAQ,1050,1200,1125,27-Nov-16
298,Aurangabad,Kannad,Maize,Yellow,FAQ,950,1150,1050,26-Nov-16
299,Aurangabad,Kannad,Maize,Yellow,FAQ,950,1150,1050,25-Nov-16
300,Aurangabad,Kannad,Maize,Yellow,FAQ,950,1150,1050,24-Nov-16
301,Aurangabad,Kannad,Maize,Yellow,FAQ,1000,1100,1050,23-Nov-16
302,Aurangabad,Kannad,Maize,Yellow,FAQ,1000,1100,1050,22-Nov-16
303,Aurangabad,Kannad,Maize,Yellow,FAQ,950,1200,1075,20-Nov-16
304,Aurangabad,Kannad,Maize,Yellow,FAQ,900,1200,1100,18-Nov-16
305,Aurangabad,Kannad,Maize,Yellow,FAQ,900,1000,950,17-Nov-16
306,Aurangabad,Kannad,Maize,Yellow,FAQ,900,1000,950,16-Nov-16
307,Aurangabad,Kannad,Maize,Yellow,FAQ,900,1000,950,15-Nov-16
308,Aurangabad,Kannad,Maize,Yellow,FAQ,950,1100,1000,13-Nov-16
309,Aurangabad,Kannad,Maize,Yellow,FAQ,900,1000,950,12-Nov-16
310,Aurangabad,Kannad,Maize,Yellow,FAQ,900,1000,950,11-Nov-16
311,Aurangabad,Kannad,Maize,Yellow,FAQ,900,1000,950,10-Nov-16
312,Aurangabad,Kannad,Maize,Yellow,FAQ,800,1000,900,9-Nov-16
313,Aurangabad,Kannad,Maize,Yellow,FAQ,750,900,825,8-Nov-16
314,Aurangabad,Kannad,Maize,Yellow,FAQ,800,900,850,5-Nov-16
315,Aurangabad,Kannad,Maize,Yellow,FAQ,750,900,825,4-Nov-16
316,Aurangabad,Kannad,Maize,Yellow,FAQ,750,900,825,2-Nov-16
317,Aurangabad,Kannad,Maize,Yellow,FAQ,750,900,825,29-Oct-16
318,Aurangabad,Kannad,Maize,Yellow,FAQ,750,910,825,28-Oct-16
319,Aurangabad,Kannad,Maize,Yellow,FAQ,750,910,825,27-Oct-16
320,Aurangabad,Kannad,Maize,Yellow,FAQ,800,1000,900,26-Oct-16
321,Aurangabad,Kannad,Maize,Yellow,FAQ,800,1000,900,25-Oct-16
322,Aurangabad,Kannad,Maize,Yellow,FAQ,8000,10000,9000,23-Oct-16
323,Aurangabad,Kannad,Maize,Yellow,FAQ,750,850,800,22-Oct-16
324,Aurangabad,Kannad,Maize,Yellow,FAQ,800,900,850,21-Oct-16
325,Aurangabad,Kannad,Maize,Yellow,FAQ,800,1000,900,20-Oct-16
326,Aurangabad,Kannad,Maize,Yellow,FAQ,1330,1400,1375,11-Feb-16
327,Aurangabad,Kannad,Maize,Yellow,FAQ,1340,1470,1375,9-Feb-16
328,Aurangabad,Kannad,Maize,Yellow,FAQ,1350,1420,1400,5-Feb-16
329,Aurangabad,Kannad,Maize,Yellow,FAQ,1350,1420,1380,20-Jan-16
330,Aurangabad,Kannad,Maize,Other,FAQ,1275,1360,1300,16-Dec-12
331,Aurangabad,Kannad,Maize,Other,FAQ,1275,1360,1300,15-Dec-12
332,Aurangabad,Kannad,Maize,Other,FAQ,1275,1350,1300,14-Dec-12
333,Aurangabad,Kannad,Maize,Other,FAQ,1200,1360,1300,7-Dec-12
334,Aurangabad,Kannad,Maize,Other,FAQ,1200,1340,1280,6-Dec-12
335,Aurangabad,Kannad,Maize,Other,FAQ,1200,1350,1275,5-Dec-12
336,Aurangabad,Kannad,Maize,Other,FAQ,1190,1320,1270,4-Dec-12
337,Aurangabad,Kannad,Maize,Other,FAQ,1190,1310,1260,1-Dec-12
338,Aurangabad,Kannad,Maize,Other,FAQ,1200,1450,1280,30-Nov-12
339,Aurangabad,Kannad,Maize,Other,FAQ,1200,1450,1290,29-Nov-12
340,Aurangabad,Kannad,Maize,Other,FAQ,1175,1375,1270,28-Nov-12
341,Aurangabad,Kannad,Maize,Other,FAQ,1200,1450,1350,27-Nov-12
342,Aurangabad,Kannad,Maize,Other,FAQ,1150,1450,1350,25-Nov-12
343,Aurangabad,Kannad,Maize,Other,FAQ,1170,1450,1340,24-Nov-12
344,Aurangabad,Kannad,Maize,Other,FAQ,1200,1450,1350,23-Nov-12
345,Aurangabad,Kannad,Maize,Other,FAQ,1150,1400,1350,22-Nov-12
346,Aurangabad,Kannad,Maize,Other,FAQ,1050,1330,1190,21-Nov-12
347,Aurangabad,Kannad,Maize,Other,FAQ,1050,1300,1190,20-Nov-12
348,Aurangabad,Kannad,Maize,Other,FAQ,1050,1250,1190,17-Nov-12
349,Aurangabad,Kannad,Maize,Other,FAQ,1000,1250,1080,16-Nov-12
350,Aurangabad,Kannad,Maize,Other,FAQ,990,1180,1070,9-Nov-12
351,Aurangabad,Kannad,Maize,Other,FAQ,990,1180,1060,8-Nov-12
352,Aurangabad,Kannad,Maize,Other,FAQ,990,1180,1070,7-Nov-12
353,Aurangabad,Kannad,Maize,Other,FAQ,1000,1100,1060,6-Nov-12
354,Aurangabad,Kannad,Maize,Other,FAQ,1010,1100,1060,4-Nov-12
355,Aurangabad,Kannad,Maize,Other,FAQ,1000,1100,1040,3-Nov-12
356,Aurangabad,Kannad,Maize,Other,FAQ,1050,1100,1065,2-Nov-12
357,Aurangabad,Kannad,Maize,Other,FAQ,1010,1100,1050,1-Nov-12
358,Aurangabad,Kannad,Maize,Other,FAQ,1010,1090,1060,31-Oct-12
359,Aurangabad,Kannad,Maize,Other,FAQ,1010,1075,1060,30-Oct-12
360,Aurangabad,Kannad,Maize,Other,FAQ,1000,1100,1050,29-Oct-12
361,Aurangabad,Kannad,Maize,Other,FAQ,1000,1050,1025,28-Oct-12
362,Aurangabad,Kannad,Maize,Other,FAQ,1025,1125,1100,27-Oct-12
363,Aurangabad,Kannad,Maize,Other,FAQ,1025,1150,1100,26-Oct-12
364,Aurangabad,Kannad,Maize,Other,FAQ,1000,1100,1050,25-Oct-12
365,Aurangabad,Kannad,Maize,Other,FAQ,1000,1200,1100,24-Oct-12
366,Aurangabad,Kannad,Maize,Other,FAQ,1000,1200,1100,23-Oct-12
367,Aurangabad,Kannad,Maize,Other,FAQ,950,1050,1000,22-Oct-12
368,Aurangabad,Kannad,Maize,Other,FAQ,950,1050,1000,21-Oct-12
369,Aurangabad,Kannad,Maize,Other,FAQ,950,1100,1000,20-Oct-12
370,Aurangabad,Kannad,Maize,Other,FAQ,1050,1200,1100,19-Oct-12
371,Aurangabad,Kannad,Maize,Other,FAQ,1050,1200,1150,18-Oct-12
372,Aurangabad,Kannad,Maize,Other,FAQ,1050,1150,1100,17-Oct-12
373,Aurangabad,Kannad,Maize,Other,FAQ,1050,1150,1100,16-Oct-12
374,Aurangabad,Kannad,Maize,Other,FAQ,1050,1150,1100,14-Oct-12
375,Aurangabad,Kannad,Maize,Other,FAQ,1050,1150,1100,12-Oct-12
376,Aurangabad,Kannad,Maize,Other,FAQ,1010,1060,1040,9-Jun-12
377,Aurangabad,Kannad,Maize,Other,FAQ,1000,1050,1040,8-Jun-12
378,Aurangabad,Kannad,Maize,Other,FAQ,1000,1060,1025,7-Jun-12
379,Aurangabad,Kannad,Maize,Other,FAQ,1020,1050,1040,9-May-12
380,Aurangabad,Kannad,Maize,Yellow,FAQ,1050,1110,1080,8-May-12
381,Aurangabad,Kannad,Maize,Other,FAQ,1050,1110,1080,8-May-12
382,Aurangabad,Kannad,Maize,Other,FAQ,1050,1110,1080,6-May-12
383,Aurangabad,Kannad,Maize,Yellow,FAQ,1000,1090,1045,5-May-12
384,Aurangabad,Kannad,Maize,Other,FAQ,1050,1110,1080,4-May-12
385,Aurangabad,Kannad,Maize,Other,FAQ,1050,1110,1080,3-May-12
386,Aurangabad,Kannad,Maize,Yellow,FAQ,1080,1110,1095,2-May-12
387,Aurangabad,Kannad,Maize,Other,FAQ,1100,1180,1160,4-Apr-12
388,Aurangabad,Kannad,Maize,Other,FAQ,1120,1170,1150,2-Apr-12
389,Aurangabad,Kannad,Maize,Other,FAQ,1050,1150,1100,10-Jan-12
390,Aurangabad,Kannad,Maize,Other,FAQ,1050,1150,1100,8-Jan-12
391,Aurangabad,Kannad,Maize,Other,FAQ,1050,1150,1100,7-Jan-12
392,Aurangabad,Kannad,Maize,Other,FAQ,1050,1150,1100,6-Jan-12
393,Aurangabad,Kannad,Maize,Other,FAQ,1050,1150,1100,5-Jan-12
394,Aurangabad,Kannad,Maize,Other,FAQ,1050,1150,1100,4-Jan-12
395,Aurangabad,Kannad,Maize,Other,FAQ,900,950,925,7-Dec-11
396,Aurangabad,Kannad,Maize,Other,FAQ,840,860,850,4-Oct-11
397,Aurangabad,Kannad,Maize,Other,FAQ,840,860,850,28-Sep-11
398,Aurangabad,Kannad,Maize,Other,FAQ,890,1010,950,15-Sep-11
399,Aurangabad,Kannad,Maize,Other,FAQ,900,1000,950,14-Sep-11
400,Aurangabad,Kannad,Maize,Other,FAQ,1050,1100,1075,24-Jun-11
401,Aurangabad,Kannad,Maize,Other,FAQ,1000,1050,1025,3-Jun-11
402,Aurangabad,Kannad,Maize,Other,FAQ,1000,1050,1025,2-Jun-11
403,Aurangabad,Kannad,Maize,Other,FAQ,1000,1050,1025,31-May-11
404,Aurangabad,Kannad,Maize,Other,FAQ,1050,1100,1075,10-May-11
405,Aurangabad,Kannad,Maize,Other,FAQ,1050,1150,1100,5-May-11
406,Aurangabad,Kannad,Maize,Other,FAQ,1050,1150,1100,4-May-11
407,Aurangabad,Kannad,Maize,Other,FAQ,1050,1500,1275,3-May-11
408,Aurangabad,Kannad,Maize,Other,FAQ,1100,1150,1125,30-Apr-11
409,Aurangabad,Kannad,Maize,Other,FAQ,1075,1125,1100,29-Apr-11
410,Aurangabad,Kannad,Maize,Other,FAQ,1100,1150,1125,28-Apr-11
411,Aurangabad,Kannad,Maize,Other,FAQ,1100,1150,1125,27-Apr-11
412,Aurangabad,Kannad,Maize,Other,FAQ,1100,1150,1125,26-Apr-11
413,Aurangabad,Kannad,Maize,Other,FAQ,1050,1150,1100,24-Apr-11
414,Aurangabad,Kannad,Maize,Other,FAQ,1075,1175,1125,23-Apr-11
415,Aurangabad,Kannad,Maize,Other,FAQ,1050,1150,1100,21-Apr-11
416,Aurangabad,Kannad,Maize,Other,FAQ,1075,1175,1125,20-Apr-11
417,Aurangabad,Kannad,Maize,Other,FAQ,1100,1150,1125,19-Apr-11
418,Aurangabad,Kannad,Maize,Other,FAQ,1100,1150,1125,17-Apr-11
419,Aurangabad,Kannad,Maize,Other,FAQ,1100,1150,1125,15-Apr-11
420,Aurangabad,Kannad,Maize,Other,FAQ,1150,1200,1175,13-Apr-11
421,Aurangabad,Kannad,Maize,Other,FAQ,1100,1150,1125,12-Apr-11
422,Aurangabad,Kannad,Maize,Other,FAQ,900,950,925,6-Feb-11
423,Aurangabad,Kannad,Maize,Other,FAQ,900,950,925,5-Feb-11
424,Aurangabad,Kannad,Maize,Other,FAQ,900,950,925,4-Feb-11
425,Aurangabad,Kannad,Maize,Other,FAQ,900,950,925,3-Feb-11
426,Aurangabad,Kannad,Maize,Other,FAQ,900,950,925,2-Feb-11
427,Aurangabad,Kannad,Maize,Other,FAQ,900,950,925,1-Feb-11
428,Aurangabad,Kannad,Maize,Other,FAQ,850,875,863,6-Jan-11
429,Aurangabad,Kannad,Maize,Other,FAQ,850,875,863,5-Jan-11
430,Aurangabad,Kannad,Maize,Other,FAQ,850,870,860,28-Nov-10
431,Aurangabad,Kannad,Maize,Other,FAQ,840,850,845,23-Nov-10
432,Aurangabad,Kannad,Maize,Other,FAQ,840,850,845,18-Nov-10
433,Aurangabad,Kannad,Maize,Other,FAQ,840,850,845,30-Oct-10
434,Aurangabad,Kannad,Maize,Other,FAQ,840,850,845,29-Oct-10
435,Aurangabad,Kannad,Maize,Other,FAQ,840,850,845,28-Oct-10
436,Aurangabad,Kannad,Maize,Other,FAQ,840,850,845,27-Oct-10
437,Aurangabad,Kannad,Maize,Other,FAQ,840,850,845,26-Oct-10
438,Aurangabad,Kannad,Maize,Other,FAQ,840,850,845,24-Oct-10
439,Aurangabad,Kannad,Maize,Other,FAQ,840,850,845,23-Oct-10
440,Aurangabad,Kannad,Maize,Other,FAQ,840,850,845,22-Oct-10
441,Aurangabad,Kannad,Maize,Other,FAQ,840,850,845,14-Oct-10
442,Aurangabad,Kannad,Maize,Other,FAQ,845,875,860,13-Oct-10
443,Aurangabad,Kannad,Maize,Other,FAQ,840,850,845,9-Oct-10
444,Aurangabad,Kannad,Maize,Other,FAQ,850,850,850,8-Oct-10
445,Aurangabad,Kannad,Maize,Other,FAQ,850,860,855,20-Apr-10
446,Aurangabad,Kannad,Maize,Other,FAQ,845,850,848,18-Apr-10
447,Aurangabad,Kannad,Maize,Other,FAQ,845,850,848,17-Apr-10
448,Aurangabad,Kannad,Maize,Other,FAQ,840,850,845,16-Apr-10
449,Aurangabad,Kannad,Maize,Other,FAQ,840,850,845,15-Apr-10
450,Aurangabad,Kannad,Maize,Other,FAQ,845,850,848,13-Apr-10
451,Aurangabad,Kannad,Maize,Other,FAQ,845,850,848,11-Apr-10
452,Aurangabad,Kannad,Maize,Other,FAQ,845,850,848,10-Apr-10
453,Aurangabad,Kannad,Maize,Other,FAQ,840,850,845,9-Apr-10
454,Aurangabad,Kannad,Maize,Other,FAQ,840,850,845,8-Apr-10
455,Aurangabad,Kannad,Maize,Other,FAQ,840,850,845,7-Apr-10
456,Aurangabad,Kannad,Maize,Other,FAQ,840,850,845,6-Apr-10
457,Aurangabad,Kannad,Maize,Other,FAQ,840,850,845,4-Apr-10
458,Aurangabad,Kannad,Maize,Other,FAQ,840,850,845,3-Apr-10
459,Aurangabad,Kannad,Maize,Other,FAQ,845,850,848,2-Apr-10
460,Aurangabad,Kannad,Maize,Other,FAQ,840,850,845,1-Apr-10
461,Aurangabad,Kannad,Maize,Other,FAQ,845,850,848,31-Mar-10
462,Aurangabad,Kannad,Maize,Other,FAQ,845,850,848,30-Mar-10
463,Aurangabad,Kannad,Maize,Other,FAQ,840,845,843,27-Mar-10
464,Aurangabad,Kannad,Maize,Other,FAQ,840,840,840,26-Mar-10
465,Aurangabad,Kannad,Maize,Other,FAQ,840,840,840,25-Mar-10
466,Aurangabad,Kannad,Maize,Other,FAQ,845,855,850,11-Feb-10
467,Aurangabad,Kannad,Maize,Other,FAQ,840,850,845,10-Feb-10
468,Aurangabad,Kannad,Maize,Other,FAQ,840,845,843,9-Feb-10
469,Aurangabad,Kannad,Maize,Other,FAQ,840,845,843,7-Feb-10
470,Aurangabad,Kannad,Maize,Other,FAQ,845,850,848,6-Feb-10
471,Aurangabad,Kannad,Maize,Other,FAQ,845,850,848,5-Feb-10
472,Aurangabad,Kannad,Maize,Other,FAQ,840,845,843,4-Feb-10
473,Aurangabad,Kannad,Maize,Other,FAQ,840,845,843,3-Feb-10
474,Aurangabad,Kannad,Maize,Other,FAQ,840,845,843,2-Feb-10
475,Aurangabad,Kannad,Maize,Other,FAQ,840,840,840,31-Jan-10
476,Aurangabad,Kannad,Maize,Other,FAQ,840,845,843,30-Jan-10
477,Aurangabad,Kannad,Maize,Other,FAQ,840,845,843,29-Jan-10
478,Aurangabad,Kannad,Maize,Other,FAQ,840,850,845,28-Jan-10
479,Aurangabad,Kannad,Maize,Other,FAQ,840,850,845,27-Jan-10
480,Aurangabad,Kannad,Maize,Other,FAQ,840,860,850,24-Jan-10
481,Aurangabad,Kannad,Maize,Other,FAQ,840,860,850,23-Jan-10
482,Aurangabad,Kannad,Maize,Other,FAQ,840,850,845,22-Jan-10
